[extract]
reduceToBoundingBox.south=58.5910806925643
reduceToBoundingBox.north=58.775809613116
reduceToBoundingBox.west=5.5056659357869
reduceToBoundingBox.east=5.98803615213093
selectVariables=TG
