[extract]
reduceToBoundingBox.south=58.5445545918307
reduceToBoundingBox.north=58.8747370984651
reduceToBoundingBox.west=8.6185600221526
reduceToBoundingBox.east=9.0281373914364
selectVariables=RR
